0 0.209125 -0.621172 0.190699 -0.881486 -0.47221 -0.000108995 -0.47221 0.881486 0.000634782 -0.000203673 0.00061102 -1
0.1 0.211411 -0.624222 0.203014 -0.86363 -0.503016 -0.0334401 -0.502348 0.864255 -0.0266589 0.0423107 -0.00622488 -0.999085
0.2 0.2136 -0.626994 0.215605 -0.843472 -0.533055 -0.0663846 -0.530388 0.846015 -0.0542929 0.0851034 -0.0105849 -0.996316
0.3 0.215689 -0.629483 0.228464 -0.821078 -0.562183 -0.0988954 -0.556283 0.826919 -0.0821879 0.127983 -0.0124689 -0.991698
0.4 0.217674 -0.631681 0.241579 -0.796522 -0.590264 -0.130927 -0.579995 0.807123 -0.110264 0.170759 -0.0118907 -0.985241
0.5 0.219553 -0.633581 0.254943 -0.769884 -0.617165 -0.162437 -0.601502 0.786784 -0.138441 0.213244 -0.00887742 -0.976959
0.6 0.22132 -0.635177 0.268545 -0.741257 -0.642761 -0.193384 -0.620794 0.766059 -0.166638 0.255252 -0.00347009 -0.966868
0.7 0.222974 -0.636462 0.282373 -0.710736 -0.666933 -0.223729 -0.637872 0.745105 -0.194774 0.296603 0.00427734 -0.954991
0.8 0.224509 -0.637431 0.296419 -0.678427 -0.68957 -0.253436 -0.652752 0.724078 -0.222769 0.337122 0.0142981 -0.941352
0.9 0.225923 -0.638078 0.310669 -0.64444 -0.710568 -0.282469 -0.665462 0.703128 -0.250542 0.376639 0.0265133 -0.92598
1 0.227212 -0.638399 0.325113 -0.608893 -0.729832 -0.310798 -0.67604 0.682406 -0.278013 0.414993 0.0408321 -0.908908
1.1 0.228639 -0.637776 0.325216 -0.608067 -0.730858 -0.310002 -0.676846 0.681335 -0.27868 0.414891 0.0403677 -0.908975
1.2 0.230065 -0.63715 0.325319 -0.60724 -0.731883 -0.309205 -0.677651 0.680261 -0.279345 0.414788 0.0399036 -0.909043
1.3 0.231488 -0.636521 0.325422 -0.606412 -0.732906 -0.308406 -0.678456 0.679186 -0.280007 0.414684 0.0394398 -0.90911
1.4 0.232911 -0.635888 0.325524 -0.605583 -0.733927 -0.307605 -0.679259 0.67811 -0.280668 0.41458 0.0389761 -0.909178
1.5 0.234331 -0.635253 0.325627 -0.604753 -0.734946 -0.306804 -0.680062 0.677031 -0.281326 0.414475 0.0385127 -0.909246
1.6 0.23575 -0.634614 0.32573 -0.603922 -0.735963 -0.306 -0.680864 0.675952 -0.281982 0.41437 0.0380495 -0.909313
1.7 0.237167 -0.633972 0.325832 -0.60309 -0.736979 -0.305196 -0.681665 0.67487 -0.282636 0.414264 0.0375865 -0.90938
1.8 0.238582 -0.633326 0.325935 -0.602258 -0.737992 -0.30439 -0.682466 0.673787 -0.283287 0.414158 0.0371238 -0.909448
1.9 0.239996 -0.632678 0.326037 -0.601424 -0.739004 -0.303582 -0.683265 0.672702 -0.283936 0.414051 0.0366612 -0.909515
2 0.241408 -0.632026 0.32614 -0.600589 -0.740014 -0.302773 -0.684064 0.671616 -0.284583 0.413943 0.0361989 -0.909583
2.1 0.274502 -0.615583 0.328572 -0.580409 -0.763525 -0.283117 -0.702858 0.645285 -0.29933 0.411237 0.0252573 -0.911178
2.2 0.306514 -0.597409 0.330984 -0.559657 -0.785965 -0.26276 -0.721193 0.618102 -0.312778 0.408245 0.0144518 -0.912758
2.3 0.337355 -0.577573 0.333378 -0.538331 -0.807305 -0.241784 -0.739052 0.590123 -0.324895 0.404972 0.00379003 -0.914321
2.4 0.366937 -0.55615 0.335752 -0.516426 -0.827516 -0.220275 -0.756416 0.561401 -0.335654 0.401422 -0.00672089 -0.915868
2.5 0.395181 -0.533218 0.338107 -0.493941 -0.846576 -0.198319 -0.773263 0.531993 -0.345034 0.397602 -0.0170738 -0.917399
2.6 0.422009 -0.50886 0.340443 -0.470877 -0.864464 -0.176002 -0.78957 0.501955 -0.353017 0.393515 -0.0272618 -0.918914
2.7 0.44735 -0.483164 0.342759 -0.447233 -0.881163 -0.153411 -0.805314 0.471341 -0.359593 0.389169 -0.037278 -0.920412
2.8 0.471139 -0.456218 0.345055 -0.423012 -0.896658 -0.130633 -0.820469 0.440209 -0.364756 0.384567 -0.0471159 -0.921894
2.9 0.493314 -0.428116 0.347332 -0.398218 -0.91094 -0.107755 -0.835008 0.408614 -0.368506 0.379717 -0.056769 -0.923359
3 0.51382 -0.398955 0.349589 -0.372855 -0.924 -0.0848645 -0.848902 0.376612 -0.370848 0.374624 -0.0662309 -0.924808
3.1 0.532609 -0.368833 0.351826 -0.346933 -0.935835 -0.0620457 -0.862124 0.344257 -0.371791 0.369295 -0.0754956 -0.926241
3.2 0.549636 -0.337851 0.354044 -0.32046 -0.946443 -0.0393833 -0.874644 0.311602 -0.371352 0.363735 -0.0845572 -0.927657
3.3 0.564864 -0.306113 0.356241 -0.293449 -0.955824 -0.0169602 -0.88643 0.278701 -0.36955 0.357951 -0.0934098 -0.929056
3.4 0.578262 -0.273721 0.358419 -0.265912 -0.963984 0.00514251 -0.897453 0.245605 -0.36641 0.35195 -0.102048 -0.930439
3.5 0.589804 -0.240782 0.360577 -0.237867 -0.970927 0.0268458 -0.907681 0.212364 -0.361963 0.345739 -0.110466 -0.931806
3.6 0.59947 -0.207403 0.362714 -0.209331 -0.976662 0.0480731 -0.917082 0.179026 -0.356244 0.339323 -0.11866 -0.933156
3.7 0.607248 -0.173689 0.364831 -0.180327 -0.981201 0.0687503 -0.925627 0.145639 -0.34929 0.332711 -0.126624 -0.934489
3.8 0.613129 -0.139748 0.366928 -0.150877 -0.984556 0.0888061 -0.933284 0.112248 -0.341147 0.32591 -0.134352 -0.935806
3.9 0.617113 -0.105686 0.369005 -0.121006 -0.98674 0.108173 -0.940023 0.0788968 -0.331861 0.318926 -0.141842 -0.937106
4 0.619205 -0.0716095 0.371061 -0.0907446 -0.987771 0.126785 -0.945815 0.0456264 -0.321483 0.311767 -0.149088 -0.938389
4.1 0.619414 -0.0376236 0.373097 -0.0601216 -0.987665 0.144582 -0.950632 0.0124769 -0.310069 0.30444 -0.156087 -0.939656
4.2 0.617759 -0.00383213 0.375113 -0.0291703 -0.98644 0.161507 -0.954446 -0.0205136 -0.297677 0.296953 -0.162833 -0.940906
4.3 0.61426 0.0296625 0.377108 0.00207424 -0.984118 0.177506 -0.957232 -0.0533093 -0.284368 0.289314 -0.169325 -0.942139
4.4 0.608945 0.0627599 0.379082 0.0335747 -0.980717 0.19253 -0.958965 -0.085876 -0.270208 0.281531 -0.175557 -0.943356
4.5 0.601849 0.0953618 0.381036 0.0652918 -0.976259 0.206534 -0.959622 -0.118181 -0.255262 0.27361 -0.181528 -0.944556
4.6 0.593009 0.127372 0.382969 0.0971844 -0.970765 0.219477 -0.959183 -0.150195 -0.239601 0.26556 -0.187233 -0.945739
4.7 0.58247 0.158698 0.384881 0.129209 -0.964258 0.231323 -0.95763 -0.181889 -0.223295 0.25739 -0.19267 -0.946905
4.8 0.57028 0.18925 0.386773 0.161322 -0.956761 0.242042 -0.954946 -0.213236 -0.206419 0.249106 -0.197837 -0.948054
4.9 0.556493 0.218941 0.388644 0.193476 -0.948294 0.251607 -0.951116 -0.244211 -0.189047 0.240717 -0.202731 -0.949187
5 0.541166 0.247688 0.390494 0.225625 -0.93888 0.259995 -0.94613 -0.274791 -0.171254 0.232231 -0.20735 -0.950302
5.1 0.524362 0.275411 0.392322 0.257718 -0.928542 0.26719 -0.939978 -0.304953 -0.153118 0.223657 -0.211692 -0.951401
5.2 0.506148 0.302036 0.39413 0.289708 -0.917301 0.273181 -0.932654 -0.334676 -0.134715 0.215002 -0.215755 -0.952483
5.3 0.486592 0.327491 0.395917 0.321543 -0.905179 0.277959 -0.924154 -0.363942 -0.116124 0.206274 -0.219538 -0.953548
5.4 0.46577 0.351709 0.397683 0.353172 -0.892196 0.281523 -0.914478 -0.392733 -0.0974218 0.197483 -0.22304 -0.954596
5.5 0.443758 0.374629 0.399428 0.384545 -0.878374 0.283875 -0.903627 -0.42103 -0.0786855 0.188635 -0.22626 -0.955627
5.6 0.420636 0.396193 0.401151 0.415608 -0.863731 0.285024 -0.891607 -0.448818 -0.0599917 0.17974 -0.229196 -0.956641
5.7 0.396486 0.416348 0.402854 0.446312 -0.848288 0.28498 -0.878425 -0.476082 -0.0414159 0.170806 -0.231849 -0.957638
5.8 0.371393 0.435047 0.404535 0.476605 -0.832062 0.28376 -0.864092 -0.502806 -0.0230326 0.161841 -0.234218 -0.958619
5.9 0.345445 0.452247 0.406195 0.506435 -0.815073 0.281387 -0.848622 -0.528977 -0.00491454 0.152853 -0.236303 -0.959582
6 0.31873 0.467912 0.407834 0.535754 -0.797338 0.277886 -0.832031 -0.55458 0.0128673 0.143851 -0.238104 -0.960528
6.1 0.295819 0.478686 0.403187 0.590369 -0.765947 0.254539 -0.797548 -0.602049 0.038146 0.124027 -0.225527 -0.96631
6.2 0.272538 0.488299 0.398583 0.642423 -0.731199 0.229436 -0.759305 -0.647824 0.0614834 0.103677 -0.21371 -0.97138
6.3 0.248947 0.496737 0.394025 0.691639 -0.693212 0.202715 -0.717477 -0.691649 0.0827564 0.0828402 -0.202681 -0.975735
6.4 0.22511 0.503989 0.389512 0.737752 -0.652122 0.174524 -0.67226 -0.733276 0.101851 0.0615545 -0.192466 -0.979371
6.5 0.201087 0.510049 0.385046 0.780512 -0.608089 0.145015 -0.623869 -0.772468 0.118664 0.0398608 -0.183089 -0.982288
6.6 0.176942 0.514911 0.380627 0.819682 -0.561289 0.114351 -0.572542 -0.808999 0.133102 0.0178007 -0.174572 -0.984483
6.7 0.152737 0.518575 0.376258 0.855045 -0.511916 0.0826996 -0.518533 -0.842659 0.145084 -0.00458326 -0.166936 -0.985957
6.8 0.128534 0.521045 0.371937 0.886402 -0.460183 0.0502362 -0.462114 -0.873251 0.154539 -0.0272473 -0.160198 -0.986709
6.9 0.104396 0.522325 0.367667 0.913572 -0.406316 0.0171399 -0.403574 -0.900597 0.161409 -0.0501469 -0.154376 -0.986739
7 0.080384 0.522427 0.363447 0.936398 -0.350557 -0.0164054 -0.343213 -0.924535 0.165649 -0.0732368 -0.149483 -0.986048
7.1 0.0842719 0.523305 0.344138 0.947778 -0.318637 -0.0136707 -0.313168 -0.93791 0.149164 -0.060351 -0.137093 -0.988718
7.2 0.0882084 0.523359 0.324942 0.958047 -0.286395 -0.0111815 -0.282462 -0.950069 0.132604 -0.0486004 -0.123883 -0.991106
7.3 0.0921751 0.522597 0.305895 0.967199 -0.253862 -0.00893913 -0.251156 -0.960973 0.115979 -0.038033 -0.10993 -0.993211
7.4 0.0961539 0.521029 0.287029 0.975232 -0.221073 -0.00694486 -0.219313 -0.970588 0.0992957 -0.0286922 -0.0953133 -0.995034
7.5 0.100127 0.518665 0.268378 0.982143 -0.188061 -0.00519975 -0.187 -0.978884 0.0825614 -0.0206166 -0.0801148 -0.996572
7.6 0.104077 0.515519 0.249974 0.98793 -0.154859 -0.00370471 -0.154284 -0.985834 0.0657838 -0.0138395 -0.0644182 -0.997827
7.7 0.107987 0.511604 0.231851 0.992588 -0.1215 -0.00246046 -0.121235 -0.991415 0.0489706 -0.00838925 -0.0483093 -0.998797
7.8 0.11184 0.506938 0.214038 0.996118 -0.0880144 -0.00146756 -0.0879221 -0.995609 0.0321294 -0.00428896 -0.0318756 -0.999483
7.9 0.11562 0.501537 0.196567 0.998517 -0.0544354 -0.000726374 -0.054418 -0.998402 0.0152678 -0.00155632 -0.0152057 -0.999883
8 0.119311 0.495422 0.179467 0.999784 -0.0207948 -0.00023713 -0.0207952 -0.999782 -0.00160644 -0.000203673 0.00161102 -0.999999
