1168 0.126615 -0.991875 0.0128015 -0.148456 0.216912 0.0150907 -0.97608 0.0462536 0.967949 0.126362 0.217065 -1.37202 0 0 0 1
838 -0.48705 -0.873336 0.00894728 -0.0950183 0.793141 -0.446561 -0.414173 0.00497756 0.365705 -0.194626 0.910166 -1.42076 0 0 0 1
823 -0.989022 -0.147833 0.00141491 0.120822 0.133734 -0.898701 -0.417721 0.0576841 0.0630224 -0.412939 0.908599 -1.39518 0 0 0 1
1021 0.331935 0.943304 0.00394784 0.0898106 -0.85877 0.303907 -0.412506 0.0606299 -0.39031 0.13354 0.910953 -1.39433 0 0 0 1
1161 0.481299 0.876551 0.00504845 0.262693 -0.797302 0.440162 -0.412982 -0.0116801 -0.364221 0.194752 0.910725 -1.42815 0 0 0 1
1365 0.442642 -0.896701 0.00289258 -0.236877 0.812844 0.399881 -0.423536 -0.0101941 0.378625 0.189819 0.905876 -1.42768 0 0 0 1
1081 0.735954 -0.676948 0.0123828 0.13367 0.618261 0.664473 -0.419868 0.066158 0.276002 0.316642 0.907526 -1.39173 0 0 0 1
1310 0.521783 0.853096 -0.00283903 -0.25135 -0.770565 0.469858 -0.430683 -0.0103392 -0.366071 0.226916 0.90251 -1.42748 0 0 0 1
1219 -0.99686 0.0793366 -1.89226e-05 -0.201051 -0.0724335 -0.910221 -0.407757 0.0517755 -0.0323709 -0.406464 0.913094 -1.39833 0 0 0 1
1335 -0.73336 -0.679832 0.00507576 0.107082 0.616638 -0.668292 -0.416111 0.0174682 0.286281 -0.302029 0.909311 -1.41519 0 0 0 1
964 -0.715766 0.698332 -0.00566892 0.215974 -0.63519 -0.654378 -0.410286 0.0266415 -0.290229 -0.290067 0.911945 -1.41061 0 0 0 1
1058 0.845772 -0.533566 -0.000858873 -0.204516 0.482851 0.766079 -0.424274 -0.00776875 0.227028 0.358415 0.905552 -1.42683 0 0 0 1
1228 0.571369 0.820648 0.010059 0.203689 -0.737691 0.518906 -0.431913 0.00796391 -0.359648 0.239366 0.901868 -1.41858 0 0 0 1
1341 -0.19491 0.980799 -0.00699706 -0.000706716 -0.887524 -0.179412 -0.424404 -0.0361286 -0.417502 -0.0765147 0.905454 -1.44017 0 0 0 1
1362 0.755732 -0.654892 0.000770977 0.00987559 0.591381 0.681936 -0.430408 0.0316999 0.281348 0.325727 0.902644 -1.40727 0 0 0 1
1162 0.143835 -0.989602 0.00286787 -0.0843445 0.901448 0.12983 -0.412958 0.038238 0.408291 0.0619766 0.91075 -1.40531 0 0 0 1
1266 0.498921 0.866663 -0.0020549 -0.216268 -0.788114 0.452707 -0.417081 0.0258783 -0.360539 0.209714 0.908886 -1.41064 0 0 0 1
1222 0.967801 -0.251686 0.00351353 0.110142 0.229518 0.876655 -0.422841 -0.0127548 0.103347 0.410031 0.906198 -1.42858 0 0 0 1
1575 -0.311364 -0.950102 -0.0199931 0.285331 0.863927 -0.274239 -0.422441 0.0178821 0.395854 -0.148813 0.906189 -1.41424 0 0 0 1
1276 -0.377533 -0.925822 0.0186688 -0.00948849 0.838392 -0.350295 -0.41762 -0.0216479 0.393177 -0.142029 0.908439 -1.43265 0 0 0 1
1014 0.437143 0.655707 -0.615597 0.190475 -0.428219 -0.450163 -0.783578 0.0222652 -0.790912 0.606141 0.083993 -1.36555 0 0 0 1
1010 0.922975 0.384887 0.00280719 -0.0272927 -0.346029 0.832941 -0.431838 -0.0121958 -0.168538 0.397603 0.901957 -1.42815 0 0 0 1
1118 -0.997615 0.0691746 0.00196855 0.258709 -0.0640674 -0.912449 -0.404199 -0.0503777 -0.0261643 -0.40336 0.914697 -1.44607 0 0 0 1
998 -0.169808 -0.985458 0.00750571 -0.143894 0.890289 -0.156674 -0.427619 0.0803567 0.422564 -0.0659319 0.90393 -1.38542 0 0 0 1
1292 0.991066 0.133378 0.000361664 -0.191596 -0.120941 0.899765 -0.419305 0.0707082 -0.0562639 0.415511 0.907848 -1.38971 0 0 0 1
963 0.940282 -0.340425 0.00330817 -0.27293 0.309372 0.850377 -0.425665 0.0698496 0.142089 0.401261 0.904896 -1.39033 0 0 0 1
1521 -0.187307 -0.982269 -0.00822951 -0.289518 0.895018 -0.1672 -0.41352 -0.00363619 0.404812 -0.0848172 0.910449 -1.42582 0 0 0 1
1228 0.82278 -0.568325 0.00755191 -0.24797 0.521011 0.748837 -0.409643 0.00724407 0.227162 0.34097 0.912225 -1.4192 0 0 0 1
1058 -0.45183 -0.892085 0.00688666 -0.213952 0.807276 -0.412133 -0.422472 -0.0207318 0.379725 -0.185326 0.906356 -1.4328 0 0 0 1
1046 0.999118 0.0419513 -0.00414005 -0.242583 -0.0397128 0.903789 -0.426181 0.0127552 -0.0141388 0.425955 0.904642 -1.41648 0 0 0 1
