 -0.509508  -0.852462   0.117111 -0.0142819
  0.852288  -0.481241   0.204984   0.555958
 -0.118378   0.204249   0.971738  -0.097447
         0          0          0          1
 -0.492532  -0.869921 -0.0256223 -0.0725632
  0.852359  -0.488115   0.187707   0.596095
 -0.175796  0.0706099   0.981892 -0.0932659
         0          0          0          1
-0.405738 -0.404849 -0.819437  0.035204
-0.905085 0.0531276    0.4219 -0.107989
-0.127273  0.912842 -0.387978  0.294296
        0         0         0         1
  0.320719   0.935681   -0.14714 -0.0781673
  -0.93517   0.337464   0.107612   0.456327
  0.150343   0.103085   0.983248 -0.0806108
         0          0          0          1
 0.554201   0.80456  0.213424 0.0973268
-0.826455  0.501308  0.256253  0.611048
0.0991793 -0.318401  0.942756 -0.106363
        0         0         0         1
  0.471582  -0.868089   0.155033  -0.103836
  0.875582   0.481832  0.0345944   0.310109
  -0.10473    0.11943   0.987305 -0.0636971
         0          0          0          1
  0.734615  -0.672893    0.08696   0.335741
  0.664409   0.739413   0.108787   0.496552
   -0.1375 -0.0221377   0.990256 -0.0647033
         0          0          0          1
  0.705505   0.708352 -0.0224789  0.0914021
 -0.683601   0.671801  -0.285274  -0.133022
 -0.186973    0.21663   0.958188  -0.178333
         0          0          0          1
-0.405738 -0.404849 -0.819437  0.035204
-0.905085 0.0531276    0.4219 -0.107989
-0.127273  0.912842 -0.387978  0.294296
        0         0         0         1
 -0.764491  -0.637057 -0.0985917 -0.0131882
  0.635535  -0.770439  0.0502121   0.504491
 -0.107942 -0.0242732   0.993864 -0.0623673
         0          0          0          1
-0.405738 -0.404849 -0.819437  0.035204
-0.905085 0.0531276    0.4219 -0.107989
-0.127273  0.912842 -0.387978  0.294296
        0         0         0         1
  0.822299  -0.550758   0.143164   0.128358
  0.537772   0.834366      0.121     0.3081
 -0.186092 -0.0225084   0.982277 -0.0872912
         0          0          0          1
  0.554962   0.831127 -0.0353591   0.121758
 -0.827468    0.55589   0.079275   0.551046
 0.0855414 -0.0147378   0.996228 -0.0904815
         0          0          0          1
 -0.192689   0.981259 0.00272911  0.0833433
 -0.980075  -0.192324 -0.0497371   0.392651
-0.0482804 -0.0122526   0.998764 -0.0659714
         0          0          0          1
  0.754804  -0.649919   0.088796   0.257219
  0.640577   0.759465   0.113511   0.384143
 -0.141209 -0.0287974   0.989564 -0.0602001
         0          0          0          1
-0.0152865   0.975129   -0.22111  -0.285593
 -0.977287  0.0321784   0.209484   0.607065
  0.211388   0.219293   0.952487  -0.115411
         0          0          0          1
  0.424833   0.889223   0.169705  -0.398967
 -0.883263   0.366069   0.292992   0.896721
  0.198414  -0.274368   0.940935 -0.0113894
         0          0          0          1
  0.975338  -0.216728 -0.0417698 -0.0367977
  0.216061   0.976177 -0.0199256   0.141261
 0.0450925  0.0104077   0.998928 -0.0578062
         0          0          0          1
 -0.336807  -0.930498   0.144018   0.342883
  0.940333  -0.324527   0.102337   0.451143
-0.0484809    0.16989   0.984272 -0.0757453
         0          0          0          1
 -0.341038  -0.935136  0.0960254  0.0414998
  0.938407  -0.332617  0.0936126    0.45531
-0.0555971   0.122033   0.990972 -0.0712158
         0          0          0          1
 -0.707067   -0.70204  0.0848433   0.181195
   0.70097  -0.679998   0.215054   0.547381
-0.0932819   0.211529   0.972912 -0.0820104
         0          0          0          1
  0.966765   0.206855   0.150284   0.553785
 -0.196909   0.977282 -0.0784543   0.293973
 -0.163098  0.0462545   0.985528 -0.0494818
         0          0          0          1
-0.405738 -0.404849 -0.819437  0.035204
-0.905085 0.0531276    0.4219 -0.107989
-0.127273  0.912842 -0.387978  0.294296
        0         0         0         1
   -0.2676   0.241626    0.93274  -0.165664
 -0.730615   0.580225  -0.359921   0.554774
 -0.628167  -0.777787  0.0212677 -0.0961027
         0          0          0          1
    0.98617    0.165719  0.00212582   -0.320721
  -0.165732     0.98608   0.0134892    0.416556
0.000139438  -0.0136551    0.999911   -0.049204
          0           0           0           1
  0.560428  -0.827477   0.034688  -0.240598
 -0.577355  -0.360312   0.732696   0.388498
 -0.593788  -0.430649   -0.67968 -0.0953595
         0          0          0          1
 -0.222181  -0.961867   0.159539  -0.153604
   0.97374   -0.21056  0.0866093   0.445686
-0.0497125   0.174592    0.98339 -0.0795939
         0          0          0          1
   0.767704   -0.627235    0.131199   0.0373659
   0.616121    0.778775    0.117951    0.402596
  -0.176156 -0.00971574    0.984318   -0.108039
          0           0           0           1
 -0.433786   -0.89289   0.120787 -0.0822175
  0.895894  -0.413136   0.163411   0.495179
-0.0960041   0.179095   0.979141 -0.0872863
         0          0          0          1
   0.996726     0.07125   -0.038408   -0.300538
 -0.0708811    0.997433   0.0108775    0.547135
   0.039085 -0.00811905    0.999208   -0.058257
          0           0           0           1
